<?xml version="1.0"?>
<opencv_storage>
<ImageSize>
  2048 1536</ImageSize>
<CameraIntrinsics type_id="opencv-matrix">
  <rows>3</rows>
  <cols>3</cols>
  <dt>d</dt>
  <data>
    2.4126575123261969e+03 0. 1.0436803897470513e+03 0.
    2.4131823422106359e+03 7.9807581105465306e+02 0. 0. 1.</data></CameraIntrinsics>
<CameraDistCoeffs type_id="opencv-matrix">
  <rows>1</rows>
  <cols>5</cols>
  <dt>d</dt>
  <data>
    0. 0. 0. 0. 0.</data></CameraDistCoeffs>
<ProjectorIntrinsics type_id="opencv-matrix">
  <rows>3</rows>
  <cols>3</cols>
  <dt>d</dt>
  <data>
    1.1230315824296583e+03 0. 4.3240262265888458e+02 0.
    2.2463308498671063e+03 5.9436543276521604e+02 0. 0. 1.</data></ProjectorIntrinsics>
<ProjectorDistCoeffs type_id="opencv-matrix">
  <rows>1</rows>
  <cols>5</cols>
  <dt>d</dt>
  <data>
    0. 0. 0. 0. 0.</data></ProjectorDistCoeffs>
<Rotation type_id="opencv-matrix">
  <rows>3</rows>
  <cols>3</cols>
  <dt>d</dt>
  <data>
    9.8959777310875263e-01 -7.2678924092407790e-03
    -1.4367820014924190e-01 7.5819863715931310e-03
    9.9996991364706289e-01 1.6386834186415873e-03 1.4366196762142333e-01
    -2.7110036173445293e-03 9.8962310478208215e-01</data></Rotation>
<RotationVec type_id="opencv-matrix">
  <rows>3</rows>
  <cols>1</cols>
  <dt>d</dt>
  <data>
    -1.2504333170411541e-01 -8.2603579552287929e+00
    4.2689929247673963e-01</data></RotationVec>
<Translation type_id="opencv-matrix">
  <rows>3</rows>
  <cols>1</cols>
  <dt>d</dt>
  <data>
    2.5943691341008866e+02 4.1733675068290346e+00 4.1083217741742594e+01</data></Translation>
</opencv_storage>
